# 1
	1	B
	2	C
	3	C E
	4	A F
	5	B E G
*	6	A E G	auction
	7	CE
	8	AB
	9	EF
	10	BC	upheaval imminent

# 2
	1	C
	2	A
	3	B D
	4	B D
	5	B D G
	6	C F I
	7	CD
	8	AB	regurgitate
	9	DF
	10	BF

#3
	1	D
!	2	E	explicable	|	B
	3	B F
	4	B F
*	5	C D I	be obligated to		day in and day out	be out to do
	6	C E H
	7	DF
	8	AD
	9	CE
	10	BD	dietician
	
	#4
	1	D
!*	2	C	|	E
	3	B F	nepotistic
	4	C F
	5	B E
	6	B F G
	7	BE
	8	BE
	9	AF
	10	BD	uneven
	
	#5
	1	C
!	2	C F	|	CE		unfeeling
!?	3	B F	|	CE
	4	B E	|	
*	5	C E H
	6	C E G
	7	AD
	8	AD
	9	AB
	10	CF

#6
!	1	A	|	B
	2	C
!	3	BE	|	AE
	4	AD
	5	BD
	6	BFH
	7	BD
	8	DE
	9	AC
*	10	BF/BE

#7
	1	E
	2	D
	3	CE
	4	AF
	5	CF	|	AE
*	6	CEI
	7	AF
	8	AC
*	9	AC
	10	CE

#8
	1	E
	2	BF
	3	AE
	4	CF
	5	BDI
	6	AFH
	7	BC
	8	AC
!	9	BE	|	CF
	10	AC

#9
	1	B
	2	C
	3	CD
*	4	BF
!	5	AE	|	BD
*	6	CEH
	7	AF
	8	BD
	9	BC
	10	BD

#10
!*	1	A	|	C
	2	C
!	3	BF	|	BD
*	4	AD
*	5	CE
*	6	CEI
*	7	AB
	8	CE
	9	BF
	10	CF

#11
	1	B
	2	C
*	3	AE
	4	AF
	5	AE
*	6	BDI
	7	EF
*!	8	AD	|	CF
	9	AE
	10	BC

#12
	1	B
	2	A
	3	BE
!	4	BE	|	CE
*	5	CD
	6	CDI
*	7	CF
	8	CD
	9	AB
	10	AB

#13
!	1	E	|	C
	2	A
	3	AF
	4	BD
	5	AE
	6	AEH
	7	BF
	8	CF
	9	CE
	10	BC

#14
	1	E
	2	B
	3	CE
	4	CE
	5	BD
	6	AFI
	7	DE
*	8	AB
	9	BE
	10	BD

#15
	1	B
	2	B
	3	BF
	4	AD
!	5	BD	|	BF
	6	AFH
!	7	AF	|	CD
	8	AD
	9	BC
	10	AB

#16
	1	A
*	2	B
!	3	BD	|	AE
	4	CD
	5	BE
*	6	BDH
!	7	CE	|	BD
	8	CD
	9	CE
	10	BF

#17
	1	B
*	2	B
	3	CF
	4	AD
	5	AD
	6	BEG
	7	EF
*	8	AF
	9	CD
	10	AC

#18
*	1	D
*!	2		|	A
!	3	CD	|	BD
!	4	AF	|	AE
	5	AD
*	6	AEH
	7	CE
	8	AF
*!	9		|	CD
	10	AC

#19
	1	A
	2	C
	3	AF
	4	AD
	5	
	6	
	7	
	8	
	9	
	10	

#20
	1	
	2	
	3	
	4	
	5	
	6	
	7	
	8	
	9	
	10	

#21
	1	
	2	
	3	
	4	
	5	
	6	
	7	
	8	
	9	
	10	

#22
	1	
	2	
	3	
	4	
	5	
	6	
	7	
	8	
	9	
	10	

#23
	1	
	2	
	3	
	4	
	5	
	6	
	7	
	8	
	9	
	10	

#24
	1	
	2	
	3	
	4	
	5	
	6	
	7	
	8	
	9	
	10	

#25
	1	
	2	
	3	
	4	
	5	
	6	
	7	
	8	
	9	
	10	

#26
	1	
	2	
	3	
	4	
	5	
	6	
	7	
	8	
	9	
	10	

#27
	1	
	2	
	3	
	4	
	5	
	6	
	7	
	8	
	9	
	10	

#28
	1	
	2	
	3	
	4	
	5	
	6	
	7	
	8	
	9	
	10	

#29
	1	
	2	
	3	
	4	
	5	
	6	
	7	
	8	
	9	
	10	

#30
	1	
	2	
	3	
	4	
	5	
	6	
	7	
	8	
	9	
	10	

#
	1	
	2	
	3	
	4	
	5	
	6	
	7	
	8	
	9	
	10	

#
	1	
	2	
	3	
	4	
	5	
	6	
	7	
	8	
	9	
	10	

#
	1	
	2	
	3	
	4	
	5	
	6	
	7	
	8	
	9	
	10	

#
	1	
	2	
	3	
	4	
	5	
	6	
	7	
	8	
	9	
	10	

#
	1	
	2	
	3	
	4	
	5	
	6	
	7	
	8	
	9	
	10	

#
	1	
	2	
	3	
	4	
	5	
	6	
	7	
	8	
	9	
	10	

#
	1	
	2	
	3	
	4	
	5	
	6	
	7	
	8	
	9	
	10	

#
	1	
	2	
	3	
	4	
	5	
	6	
	7	
	8	
	9	
	10	

#
	1	
	2	
	3	
	4	
	5	
	6	
	7	
	8	
	9	
	10	

#
	1	
	2	
	3	
	4	
	5	
	6	
	7	
	8	
	9	
	10	

#
	1	
	2	
	3	
	4	
	5	
	6	
	7	
	8	
	9	
	10	

#
	1	
	2	
	3	
	4	
	5	
	6	
	7	
	8	
	9	
	10	

#
	1	
	2	
	3	
	4	
	5	
	6	
	7	
	8	
	9	
	10	

#
	1	
	2	
	3	
	4	
	5	
	6	
	7	
	8	
	9	
	10	

#
	1	
	2	
	3	
	4	
	5	
	6	
	7	
	8	
	9	
	10	

#
	1	
	2	
	3	
	4	
	5	
	6	
	7	
	8	
	9	
	10	

#
	1	
	2	
	3	
	4	
	5	
	6	
	7	
	8	
	9	
	10	

#
	1	
	2	
	3	
	4	
	5	
	6	
	7	
	8	
	9	
	10	

#
	1	
	2	
	3	
	4	
	5	
	6	
	7	
	8	
	9	
	10	

#
	1	
	2	
	3	
	4	
	5	
	6	
	7	
	8	
	9	
	10	

#
	1	
	2	
	3	
	4	
	5	
	6	
	7	
	8	
	9	
	10	

#
	1	
	2	
	3	
	4	
	5	
	6	
	7	
	8	
	9	
	10	

#
	1	
	2	
	3	
	4	
	5	
	6	
	7	
	8	
	9	
	10	

#
	1	
	2	
	3	
	4	
	5	
	6	
	7	
	8	
	9	
	10	

#
	1	
	2	
	3	
	4	
	5	
	6	
	7	
	8	
	9	
	10	

#
	1	
	2	
	3	
	4	
	5	
	6	
	7	
	8	
	9	
	10	

#
	1	
	2	
	3	
	4	
	5	
	6	
	7	
	8	
	9	
	10	

#
	1	
	2	
	3	
	4	
	5	
	6	
	7	
	8	
	9	
	10	

#
	1	
	2	
	3	
	4	
	5	
	6	
	7	
	8	
	9	
	10	

#
	1	
	2	
	3	
	4	
	5	
	6	
	7	
	8	
	9	
	10	

#
	1	
	2	
	3	
	4	
	5	
	6	
	7	
	8	
	9	
	10	

#
	1	
	2	
	3	
	4	
	5	
	6	
	7	
	8	
	9	
	10	

#
	1	
	2	
	3	
	4	
	5	
	6	
	7	
	8	
	9	
	10	

#
	1	
	2	
	3	
	4	
	5	
	6	
	7	
	8	
	9	
	10	

#
	1	
	2	
	3	
	4	
	5	
	6	
	7	
	8	
	9	
	10	

#
	1	
	2	
	3	
	4	
	5	
	6	
	7	
	8	
	9	
	10	

#
	1	
	2	
	3	
	4	
	5	
	6	
	7	
	8	
	9	
	10	

#
	1	
	2	
	3	
	4	
	5	
	6	
	7	
	8	
	9	
	10	

#
	1	
	2	
	3	
	4	
	5	
	6	
	7	
	8	
	9	
	10	

#
	1	
	2	
	3	
	4	
	5	
	6	
	7	
	8	
	9	
	10	

#
	1	
	2	
	3	
	4	
	5	
	6	
	7	
	8	
	9	
	10	

#
	1	
	2	
	3	
	4	
	5	
	6	
	7	
	8	
	9	
	10	

#
	1	
	2	
	3	
	4	
	5	
	6	
	7	
	8	
	9	
	10	

#
	1	
	2	
	3	
	4	
	5	
	6	
	7	
	8	
	9	
	10	

#
	1	
	2	
	3	
	4	
	5	
	6	
	7	
	8	
	9	
	10	

#
	1	
	2	
	3	
	4	
	5	
	6	
	7	
	8	
	9	
	10	

#
	1	
	2	
	3	
	4	
	5	
	6	
	7	
	8	
	9	
	10	

#
	1	
	2	
	3	
	4	
	5	
	6	
	7	
	8	
	9	
	10	

#
	1	
	2	
	3	
	4	
	5	
	6	
	7	
	8	
	9	
	10	

#
	1	
	2	
	3	
	4	
	5	
	6	
	7	
	8	
	9	
	10	

#
	1	
	2	
	3	
	4	
	5	
	6	
	7	
	8	
	9	
	10	

#
	1	
	2	
	3	
	4	
	5	
	6	
	7	
	8	
	9	
	10	

#
	1	
	2	
	3	
	4	
	5	
	6	
	7	
	8	
	9	
	10	

#
	1	
	2	
	3	
	4	
	5	
	6	
	7	
	8	
	9	
	10	

#
	1	
	2	
	3	
	4	
	5	
	6	
	7	
	8	
	9	
	10	

#
	1	
	2	
	3	
	4	
	5	
	6	
	7	
	8	
	9	
	10	

#
	1	
	2	
	3	
	4	
	5	
	6	
	7	
	8	
	9	
	10	

#
	1	
	2	
	3	
	4	
	5	
	6	
	7	
	8	
	9	
	10	

#
	1	
	2	
	3	
	4	
	5	
	6	
	7	
	8	
	9	
	10	

#
	1	
	2	
	3	
	4	
	5	
	6	
	7	
	8	
	9	
	10	

#
	1	
	2	
	3	
	4	
	5	
	6	
	7	
	8	
	9	
	10	

#
	1	
	2	
	3	
	4	
	5	
	6	
	7	
	8	
	9	
	10	

#
	1	
	2	
	3	
	4	
	5	
	6	
	7	
	8	
	9	
	10	

#
	1	
	2	
	3	
	4	
	5	
	6	
	7	
	8	
	9	
	10	

#
	1	
	2	
	3	
	4	
	5	
	6	
	7	
	8	
	9	
	10	

#
	1	
	2	
	3	
	4	
	5	
	6	
	7	
	8	
	9	
	10	

#
	1	
	2	
	3	
	4	
	5	
	6	
	7	
	8	
	9	
	10	

#
	1	
	2	
	3	
	4	
	5	
	6	
	7	
	8	
	9	
	10	

#
	1	
	2	
	3	
	4	
	5	
	6	
	7	
	8	
	9	
	10	

#
	1	
	2	
	3	
	4	
	5	
	6	
	7	
	8	
	9	
	10	

#
	1	
	2	
	3	
	4	
	5	
	6	
	7	
	8	
	9	
	10	

#
	1	
	2	
	3	
	4	
	5	
	6	
	7	
	8	
	9	
	10	

#
	1	
	2	
	3	
	4	
	5	
	6	
	7	
	8	
	9	
	10	

#
	1	
	2	
	3	
	4	
	5	
	6	
	7	
	8	
	9	
	10	

#
	1	
	2	
	3	
	4	
	5	
	6	
	7	
	8	
	9	
	10	

#
	1	
	2	
	3	
	4	
	5	
	6	
	7	
	8	
	9	
	10	

#
	1	
	2	
	3	
	4	
	5	
	6	
	7	
	8	
	9	
	10	

#
	1	
	2	
	3	
	4	
	5	
	6	
	7	
	8	
	9	
	10	

#
	1	
	2	
	3	
	4	
	5	
	6	
	7	
	8	
	9	
	10	

#
	1	
	2	
	3	
	4	
	5	
	6	
	7	
	8	
	9	
	10	

